6943
473
3584
419
5996
8745
5592
4778
6554
9844
3322
1041
6818
2954
637
1506
194
4538
2636
4203
1643
4476
819
5017
619
265
6421
4779
5102
3489
8182
8396
3962
1765
5167
9957
510
758
1086
3415
6953
4407
4456
123
3712
5092
7980
3905
5981
615
4460
7623
1442
5278
2639
2060
1894
5411
3190
3347
8900
1371
1742
9213
3136
3260
9169
9997
370
254
9763
7322
1012
4218
3796
4723
5661
1775
4979
7993
8741
9438
1967
183
1067
4606
2242
2960
6368
1784
2658
5267
9506
752
4479
8993
4011
9999
8989
4380
6604
8752
8054
3967
9321
1849
8689
1334
9976
20
9326
8716
5809
7645
8898
6876
2250
7492
6187
4969
5627
8845
236
5132
9596
1066
4125
9958
1065
9465
4338
7668
4568
2391
1635
241
591
6675
1574
566
3046
7251
9282
8855
4895
4531
2082
3496
8374
8268
8465
4000
3464
5052
5484
9411
6117
9608
9369
3533
5424
58
1201
9992
2448
9187
232
9390
2213
1805
9956
5259
5407
5589
465
302
6471
2546
149
4845
813
8613
5196
629
16
679
39
6133
6638
9407
9665
2062
9464
7217
2053
8263
2755
8636
7653
1320
6792
3960
2930
2198
9548
3394
8851
2370
5939
9000
7214
3103
3964
8762
83
3980
9440
122
6464
6078
5880
6128
4491
1696
9697
6543
9958
2451
1530
3962
122
8321
4273
3051
518
172
6444
5721
2542
8734
4720
6107
8189
5035
4868
8271
5366
660
4744
1829
3089
624
4309
7579
8671
4005
473
4980
2807
2002
8942
2929
322
9566
2331
7191
9738
5127
2911
2279
3860
3982
4737
8400
9017
9605
3023
4382
264
4118
6211
9704
4741
6871
7282
9763
875
4106
4743
33
6107
36
9313
2780
9601
1644
9970
9338
6770
2881
7968
6981
6862
2705
5381
2230
8661
4755
2964
5276
8872
5526
4979
9965
2396
2260
9727
3270
6365
821
3302
8823
856
2615
1602
457
610
1571
6146
7379
803
466
4359
4017
3170
6091
6246
1830
7197
9209
7105
6069
4734
8435
2385
3481
694
2111
6750
3410
2932
6404
8584
139
5370
185
6947
5979
8107
3093
9709
5262
3558
419
9278
3079
6510
1875
4908
58
7436
8364
6126
8521
6798
4862
2002
3843
6973
5103
3604
6256
1506
2187
6394
3227
8723
3341
5557
6829
2785
5265
2090
2694
2036
7719
5772
4897
9594
7031
4954
3381
1746
7432
1901
8543
2293
254
8737
5617
5357
8692
1872
3214
878
4618
6441
9600
4310
8349
2780
7094
9966
4870
6139
2001
2588
1910
6897
8533
8940
8202
1913
685
5633
166
5579
7926
419
667
3542
5775
9358
1766
8989
235
6383
1781
6186
7044
6481
8965
489
2798
186
6627
4798
9126
8536
8046
7658
3827
6248
5923
863
1880
6088
2793
6157
2858
3459
6051
4985
2816
7816
325
9402
550
8457
1939
7593
4937
903
8081
7735
7441
4707
8884
6566
9594
6930
575
3420
9529
2849
4282
7760
8936
7074
269
8146
6884
6319
3130
6051
486
3454
5452
1035
1910
3742
4979
6846
996
9411
932
8436
4117
9816
5001
62
3097
1928
3481
8977
4776
4114
6736
64
7539
7004
8209
774
3322
7690
6824
3807
1143
8627
1193
3052
2368
6171
6249
3363
5581
3533
8151
6049
9700
9503
2462
2796
1430
5942
1772
6206
6407
4859
2621
297
1863
829
1070
1536
8518
4245
1695
6012
2871
9239
9063
1590
5410
1663
4953
7342
5195
9455
9743
1246
8957
2204
4041
387
4498
2164
2944
7256
3375
5564
7553
5237
6392
4974
3124
1261
9219
1170
7272
8441
409
2686
31
2170
700
4983
5863
2247
4437
5605
3492
9745
4161
3885
131
8658
6048
3074
5913
9422
8637
9817
1010
1380
1143
486
2640
361
8007
6263
8801
8415
8948
8831
584
6000
165
2799
8246
953
8403
1737
698
2563
5621
7180
7572
8021
254
9837
3794
5242
9653
1156
6622
795
7993
5613
7507
5999
8228
6308
4414
3527
1490
1349
9526
8007
4147
7771
8959
8902
9508
6008
7816
1480
3188
5388
9500
3441
5224
9646
5034
1228
801
1655
8375
8793
3620
5881
4791
1847
8540
5556
5373
6382
3257
4899
4388
7403
9021
9698
2656
4880
5706
472
6360
8893
5859
2211
8685
7434
8208
3718
8661
9008
1725
3387
4152
5344
9268
5295
3542
4159
7202
5266
540
458
6516
4927
7861
5537
4625
516
416
6682
7339
3127
1926
3197
1690
610
6982
9897
679
5643
5257
2403
5381
9408
4098
4648
1054
3991
5159
8256
9257
5698
8713
5772
6977
2925
7660
7953
9793
8076
4634
7131
7554
6559
6680
9243
3520
3661
5492
4198
5655
748
2953
1036
6507
7050
2035
7561
1041
7193
2168
297
2891
880
2420
6219
157
80
4171
9949
4507
5156
3431
8412
8066
110
7655
1585
123
9498
5782
5777
245
8734
6812
3103
2136
8847
663
9528
2391
2830
6176
1633
62
8595
7851
218
5026
2021
6518
9532
3528
9948
7944
1593
6410
1950
3177
6532
1447
5311
2308
8043
396
5472
1145
8883
670
8160
8410
3060
7341
4585
4693
7402
3180
2543
3971
4557
916
6840
4089
795
6788
8384
2388
3197
333
1916
6080
8131
7226
8387
6173
3974
210
3669
2856
879
1828
1266
291
5521
2202
4983
9274
1733
3877
3245
6290
1144
84
378
1939
3223
8761
678
2771
5445
2593
8850
9927
6171
3589
6099
6496
3798
6119
9351
4677
4299
6968
4967
9819
9170
6301
9092
902
177
8688
7191
7673
8772
3920
5963
8346
9032
6640
1117
4476
5584
6318
4402
8106
9906
6852
4601
3704
9323
304
4732
3621
3623
9698
9791
2792
2350
8882
46
2526
7570
3588
6550
2693
3860
2512
7390
2891
5503
4858
3719
7439
1176
4472
5544
7433
7676
6497
1136
6998
3152
2219
6970
6774
1916
6760
5918
4265
5641
2315
3143
9562
5902
6044
8606
9761
8556
5996
9004
410
853
2722
7848
2028
7193
9744
9461
4868
2592
6948
8217
5743
